1    0         10        37        53.5      43.5      53.5        0             0             
2    1         3         0         6.5       2.5       5.5         2.5           0             
3    2         8         51        49.5      39.5      47.5        4.5           0             
4    4         4         84        42        34        38          9.5           0             
5    5         5         44        44        34        39          12            0             
6    6         7         28        58        45        52          14.5          0             
7    9         2         97        26        15        17          15            0             
8    10        6         70        52.5      36.5      42.5        19.5          0             
9    13        1         15        34        20        21          20            0             
10   15        9         7         61        37        46          22.5          0             
