  1    0    3   98
  2    1   30   92
  3    3   34   16
  4    5   17   54
  5    6   11   98
  6    8    5   23
  7   10   26   68
  8   11   21   96
  9   13   42   60
 10   14   33   11
 11   16   21   20
 12   18   14   46
 13   19    1   65
 14   20   38   38
 15   21   45   42
 16   22   28   80
 17   23   44   16
 18   25   27   59
 19   26   21   65
 20   27   30    2
 21   28   42   16
 22   29   11   73
 23   30   20   13
 24   31   12   57
 25   32   39    1
 26   33   22   94
 27   35   11   57
 28   37   44   88
 29   38    1   37
 30   40   18   24
 31   41   44   94
 32   42    3   83
 33   43   16    8
 34   44    9   71
 35   46   28   19
 36   47   18   20
 37   48   25   72
 38   49   18   17
 39   50   33    0
 40   51   43   62
 41   53   14   72
 42   55   39   92
 43   56   21   20
 44   58   26   82
 45   59   41   11
 46   61   17   42
 47   63    3    1
 48   64   21   73
 49   66   48    5
 50   68   50   57
 51   70   48   80
 52   72   41   37
 53   73   13   59
 54   75   45   68
 55   76   50   20
 56   77    8   48
 57   78   44    6
 58   79    8   45
 59   80   48   86
 60   82   21   87
 61   83   21   53
 62   84    4   60
 63   86   12   83
 64   88   40   56
 65   90   26   50
 66   92    4   65
 67   94   32   84
 68   96   11   91
 69   98    6   79
 70   99    7   12
 71  101   39   40
 72  103   33   87
 73  104   26   86
 74  105   29   60
 75  106   37   60
 76  108   45   72
 77  109   34   89
 78  111   31   88
 79  113   29   77
 80  114   18   28
 81  116   36   31
 82  118    2   22
 83  119   18   77
 84  121   40   38
 85  123   17   22
 86  125    4   68
 87  126   47   48
 88  128   19   75
 89  129   21   25
 90  130   31   92
 91  131   26   50
 92  132    1   22
 93  133   15   77
 94  135   31   19
 95  137    2   82
 96  139   21   35
 97  140   45   55
 98  141   23   67
 99  142   36   80
100  144   37   42

